43.937500
44.250000
44.343750
44.812500
45.000000
44.968750
44.968750
44.656250
44.718750
44.937500
44.593750
43.468750
43.437500
43.406250
43.562500
43.718750
43.687500
44.250000
44.343750
44.406250
44.281250
44.937500
45.125000
44.875000
44.750000
45.750000
45.593750
45.687500
45.562500
45.093750
45.312500
45.312500
45.031250
45.312500
45.031250
44.781250
44.875000
44.875000
45.156250
44.906250
45.093750
45.218750
45.187500
45.031250
44.093750
44.312500
44.187500
44.343750
44.281250
44.906250
45.000000
44.937500
44.937500
44.937500
44.750000
44.531250
44.500000
43.937500
43.750000
43.406250
43.875000
43.781250
43.968750
44.031250
44.312500
44.468750
44.593750
44.437500
44.343750
44.437500
44.625000
44.562500
44.031250
44.000000
44.156250
44.125000
45.031250
45.156250
44.750000
44.937500
45.031250
45.593750
45.437500
45.218750
45.656250
45.593750
45.437500
45.281250
45.125000
44.718750
44.875000
44.906250
45.093750
45.031250
44.937500
45.031250
45.187500
44.500000
44.593750
44.625000
44.218750
44.812500
44.781250
45.281250
45.062500
45.062500
44.937500
44.687500
44.218750
44.343750
44.843750
44.968750
44.937500
44.906250
45.062500
44.875000
44.750000
44.718750
44.843750
44.812500
44.500000
44.718750
44.968750
44.937500
44.843750
45.093750
44.843750
44.968750
45.000000
45.000000
44.906250
44.968750
45.218750
45.187500
45.187500
45.062500
45.125000
45.375000
45.531250
45.781250
45.781250
45.812500
45.718750
46.218750
46.250000
46.281250
46.250000
46.437500
46.562500
46.500000
46.343750
46.375000
46.062500
45.906250
46.000000
46.406250
46.437500
46.250000
46.375000
46.187500
45.812500
45.437500
45.281250
45.656250
45.906250
45.781250
46.281250
46.187500
46.031250
45.937500
46.156250
46.218750
46.156250
46.125000
46.000000
46.062500
46.156250
46.218750
46.218750
46.812500
47.062500
46.937500
46.593750
46.656250
46.593750
46.375000
46.500000
46.468750
46.500000
46.843750
46.843750
46.968750
46.937500
46.343750
45.843750
46.062500
46.125000
46.156250
46.500000
46.375000
46.593750
46.562500
46.781250
46.531250
46.406250
46.312500
46.031250
46.281250
46.468750
46.500000
46.312500
46.343750
46.406250
46.531250
46.718750
46.875000
46.843750
46.843750
46.687500
46.593750
46.875000
46.531250
46.468750
46.625000
46.562500
46.625000
46.468750
46.781250
46.750000
47.000000
47.093750
47.031250
46.843750
46.593750
46.468750
46.656250
46.750000
46.750000
47.031250
47.593750
47.500000
47.343750
47.218750
47.406250
47.406250
47.468750
47.343750
47.468750
47.375000
47.187500
47.187500
47.312500
47.750000
47.875000
48.218750
47.968750
48.281250
48.062500
46.968750
47.187500
47.218750
47.406250
47.000000
47.156250
47.218750
47.468750
47.437500
47.156250
46.875000
47.343750
47.218750
46.593750
46.812500
46.812500
46.625000
46.687500
46.562500
46.687500
46.937500
46.750000
46.968750
46.593750
46.843750
46.906250
46.875000
47.250000
47.250000
46.968750
46.843750
46.968750
46.937500
46.375000
45.937500
46.000000
45.093750
44.468750
44.593750
43.906250
44.812500
44.812500
45.031250
44.687500
44.875000
44.812500
44.578125
44.593750
44.593750
44.296875
44.359375
44.312500
44.906250
44.859375
45.328125
45.281250
44.953125
45.093750
45.375000
45.328125
45.250000
45.187500
44.750000
44.359375
44.703125
44.296875
44.515625
44.515625
44.531250
45.187500
45.515625
45.734375
45.562500
45.484375
45.671875
45.796875
45.828125
45.875000
45.812500
46.015625
45.968750
46.234375
46.218750
46.156250
45.781250
46.031250
46.109375
46.171875
46.531250
46.343750
46.437500
45.875000
45.484375
45.093750
45.265625
45.000000
44.062500
44.828125
44.609375
44.750000
44.468750
44.562500
44.796875
44.734375
44.921875
44.906250
44.750000
44.812500
44.890625
45.375000
45.390625
45.468750
45.375000
45.171875
45.265625
45.343750
45.406250
45.359375
45.359375
45.453125
45.906250
46.125000
46.187500
46.203125
45.937500
45.781250
45.890625
45.968750
46.140625
45.968750
46.328125
46.312500
46.640625
46.609375
46.453125
46.421875
46.375000
46.640625
47.140625
47.015625
47.687500
47.656250
47.781250
47.656250
47.500000
47.296875
47.312500
47.265625
47.500000
47.000000
46.859375
47.000000
47.046875
47.640625
47.015625
47.062500
46.171875
46.171875
46.062500
45.906250
46.140625
46.109375
46.468750
46.234375
46.171875
46.062500
45.375000
45.390625
45.250000
45.453125
45.937500
46.625000
46.687500
46.843750
47.046875
46.953125
46.843750
47.062500
46.750000
46.562500
46.171875
46.218750
46.390625
46.671875
47.656250
47.484375
46.953125
46.687500
46.937500
46.328125
46.468750
46.828125
46.906250
46.578125
46.406250
46.843750
46.687500
46.843750
46.531250
46.468750
46.000000
45.000000
45.250000
45.468750
45.671875
45.656250
45.593750
45.140625
45.562500
45.609375
45.640625
45.312500
44.875000
45.046875
45.343750
45.515625
45.750000
45.890625
45.750000
45.812500
45.671875
46.156250
46.015625
46.062500
46.312500
46.078125
46.109375
45.562500
45.781250
46.000000
46.000000
46.046875
46.093750
46.140625
46.171875
46.187500
46.734375
47.015625
47.031250
46.984375
46.718750
46.546875
46.687500
46.750000
46.875000
46.921875
47.109375
46.906250
47.093750
47.078125
47.359375
48.031250
48.234375
48.296875
48.296875
48.296875
48.359375
48.375000
48.437500
48.703125
48.640625
48.453125
48.437500
48.796875
48.875000
49.000000
48.609375
49.015625
48.703125
48.765625
48.781250
48.812500
48.437500
48.562500
48.546875
49.265625
49.218750
49.578125
49.484375
49.781250
49.562500
49.562500
49.437500
49.484375
49.515625
50.218750
50.421875
50.421875
50.406250
50.312500
50.109375
50.234375
50.562500
50.562500
50.750000
50.703125
50.796875
50.625000
50.796875
51.078125
50.781250
50.609375
50.562500
50.640625
50.890625
51.484375
51.343750
51.390625
51.515625
51.593750
51.453125
51.562500
52.281250
52.250000
52.187500
52.562500
52.515625
52.578125
52.718750
52.750000
53.000000
53.031250
52.828125
52.062500
52.093750
52.671875
53.156250
53.125000
53.171875
52.562500
52.546875
53.640625
53.500000
53.546875
53.875000
53.781250
53.500000
53.375000
53.062500
53.359375
53.937500
53.890625
54.125000
53.968750
54.578125
54.437500
54.406250
55.125000
55.015625
54.359375
54.250000
54.531250
54.437500
54.406250
54.609375
54.812500
55.515625
55.765625
55.796875
55.531250
56.218750
56.093750
56.046875
56.359375
55.875000
55.265625
55.468750
55.406250
55.812500
56.234375
56.187500
56.656250
56.296875
56.156250
56.062500
55.937500
55.921875
55.984375
56.109375
56.109375
56.093750
55.968750
55.656250
56.156250
56.046875
56.203125
56.109375
56.171875
56.015625
56.125000
55.921875
55.984375
56.296875
56.093750
56.234375
56.359375
56.406250
56.656250
57.187500
57.296875
57.328125
57.546875
57.703125
57.968750
58.234375
58.765625
58.437500
58.218750
58.500000
58.781250
58.296875
58.312500
58.218750
58.203125
58.156250
58.593750
58.484375
58.187500
58.250000
58.187500
58.359375
58.406250
57.921875
57.890625
58.078125
58.437500
58.625000
58.343750
58.734375
58.906250
59.187500
58.828125
58.703125
58.765625
58.281250
57.750000
58.187500
58.562500
58.312500
58.781250
59.156250
59.234375
59.031250
58.812500
59.343750
59.562500
59.531250
59.468750
59.078125
59.671875
60.000000
60.187500
59.875000
60.359375
60.171875
60.328125
60.343750
60.984375
61.046875
60.906250
60.984375
61.734375
62.140625
62.281250
61.953125
62.156250
62.421875
62.234375
62.625000
62.171875
61.812500
60.625000
61.265625
60.671875
60.984375
61.203125
61.500000
61.468750
61.406250
61.484375
62.140625
62.312500
61.718750
61.593750
61.828125
60.765625
59.968750
60.328125
60.234375
60.109375
60.843750
60.656250
60.859375
61.265625
61.281250
61.421875
61.921875
61.703125
62.234375
62.484375
63.015625
63.671875
63.906250
63.640625
64.156250
64.765625
65.140625
65.843750
65.828125
66.328125
66.187500
65.609375
65.203125
64.937500
64.296875
65.093750
66.125000
65.937500
65.000000
64.796875
64.500000
63.875000
64.890625
65.265625
65.875000
65.296875
65.625000
63.500000
64.234375
63.734375
64.171875
64.453125
64.125000
65.359375
65.218750
65.140625
64.984375
65.156250
65.031250
65.343750
64.750000
65.000000
64.687500
65.437500
65.562500
65.562500
65.515625
64.390625
64.140625
63.000000
62.921875
63.718750
64.250000
64.437500
64.281250
64.375000
64.531250
65.031250
65.234375
65.000000
65.296875
65.437500
65.437500
65.390625
65.531250
64.406250
64.312500
64.250000
63.984375
64.781250
64.734375
65.375000
66.359375
66.765625
66.687500
66.828125
67.187500
67.640625
67.546875
68.187500
67.906250
68.171875
67.484375
67.031250
67.375000
66.875000
67.062500
67.531250
68.125000
67.625000
67.625000
67.406250
67.343750
67.218750
67.218750
66.937500
66.890625
66.343750
66.640625
66.593750
66.812500
66.937500
66.859375
66.406250
66.875000
67.109375
67.687500
67.437500
67.296875
65.578125
65.312500
65.578125
65.843750
64.515625
64.562500
62.656250
62.812500
63.562500
64.437500
63.968750
63.500000
62.687500
62.812500
63.375000
63.718750
63.015625
63.625000
64.093750
65.156250
66.562500
66.171875
66.375000
66.546875
66.437500
66.218750
66.703125
66.171875
66.406250
66.281250
66.843750
66.875000
66.828125
66.593750
67.218750
66.859375
66.531250
66.781250
66.671875
66.015625
65.328125
65.750000
65.812500
65.015625
65.937500
66.718750
66.687500
67.062500
67.531250
68.562500
68.812500
68.656250
68.484375
68.750000
68.640625
68.625000
68.609375
68.656250
68.625000
68.687500
68.625000
69.000000
69.468750
69.406250
70.343750
70.421875
70.140625
69.593750
69.453125
70.312500
70.406250
70.312500
70.656250
70.843750
71.218750
71.125000
70.625000
70.859375
70.250000
70.312500
69.843750
70.406250
70.171875
70.843750
70.593750
71.062500
71.468750
72.843750
73.015625
73.421875
73.343750
73.125000
73.453125
73.937500
74.031250
74.046875
74.578125
74.703125
74.593750
75.171875
76.125000
75.875000
75.734375
76.015625
76.046875
74.750000
74.953125
74.750000
74.312500
75.406250
75.046875
74.359375
73.125000
73.312500
72.375000
72.953125
73.531250
75.046875
74.843750
74.656250
75.203125
75.781250
75.875000
75.218750
73.843750
74.031250
75.093750
74.437500
75.343750
74.687500
75.312500
76.125000
76.015625
76.968750
76.781250
77.093750
77.562500
77.656250
78.281250
78.843750
77.750000
76.750000
76.531250
76.750000
77.500000
78.500000
78.406250
78.640625
79.125000
77.640625
78.156250
79.218750
78.468750
79.375000
80.500000
81.375000
81.187500
81.875000
81.328125
80.343750
80.375000
81.328125
81.390625
80.593750
79.390625
79.156250
79.687500
79.250000
80.593750
80.125000
80.843750
81.687500
81.250000
80.531250
79.281250
79.687500
79.906250
79.046875
78.781250
78.375000
78.437500
79.531250
78.750000
79.093750
77.000000
75.375000
75.859375
74.500000
74.906250
75.843750
76.140625
76.687500
76.062500
75.781250
73.375000
74.359375
75.625000
76.500000
76.187500
76.562500
76.062500
77.734375
77.812500
77.421875
76.531250
77.281250
79.718750
80.093750
80.000000
81.437500
83.375000
83.312500
81.500000
82.062500
82.625000
84.000000
83.656250
83.812500
84.375000
83.218750
83.468750
84.468750
84.281250
84.000000
84.781250
85.125000
85.109375
84.609375
85.156250
84.781250
84.500000
84.406250
84.718750
86.375000
86.812500
87.078125
87.281250
88.968750
89.718750
89.750000
89.625000
89.312500
90.234375
89.578125
87.406250
89.625000
89.000000
88.562500
88.906250
88.312500
89.343750
90.812500
92.062500
91.125000
92.078125
91.062500
91.468750
91.781250
92.062500
92.531250
93.750000
93.281250
91.296875
91.312500
93.734375
93.656250
94.093750
94.031250
93.968750
94.281250
95.406250
95.312500
94.937500
95.187500
95.250000
96.031250
95.312500
93.375000
94.062500
92.562500
92.281250
92.625000
89.781250
91.781250
92.843750
94.250000
92.593750
92.562500
92.218750
90.859375
91.406250
90.015625
90.375000
93.312500
92.812500
93.406250
93.140625
93.546875
93.593750
91.656250
91.187500
92.656250
92.500000
94.812500
94.812500
95.218750
95.031250
95.562500
95.125000
94.343750
93.687500
94.468750
95.375000
94.375000
95.625000
96.156250
96.640625
97.281250
98.187500
97.500000
97.156250
96.875000
96.968750
97.000000
96.781250
95.250000
94.281250
95.625000
97.484375
96.843750
94.937500
94.000000
87.187500
92.218750
91.968750
89.937500
92.062500
94.000000
94.000000
94.312500
93.953125
92.937500
92.375000
92.406250
90.500000
91.812500
93.062500
94.781250
94.187500
94.656250
96.093750
96.750000
95.000000
95.250000
95.531250
95.625000
98.093750
97.500000
97.781250
97.687500
98.937500
98.656250
98.062500
97.218750
95.562500
95.750000
96.718750
97.312500
96.812500
95.875000
94.781250
95.390625
93.687500
93.406250
93.781250
95.625000
97.125000
97.062500
97.562500
97.781250
96.218750
96.468750
95.625000
92.312500
94.000000
95.312500
95.750000
94.953125
96.312500
97.875000
96.937500
96.078125
95.937500
95.875000
96.843750
97.718750
98.250000
98.312500
99.937500
100.687500
100.562500
100.500000
101.625000
101.281250
102.250000
102.156250
102.593750
102.000000
102.500000
103.437500
102.890625
103.656250
104.062500
103.250000
104.531250
105.125000
105.125000
104.906250
105.500000
104.812500
103.843750
105.937500
105.562500
106.562500
107.062500
107.500000
107.093750
108.250000
108.562500
108.968750
109.250000
109.875000
109.625000
110.562500
110.156250
110.093750
109.625000
109.562500
109.937500
110.828125
112.031250
112.593750
111.687500
110.937500
110.312500
111.187500
110.875000
111.812500
112.125000
110.812500
112.281250
112.250000
112.781250
113.093750
112.000000
110.812500
108.718750
108.562500
109.312500
111.343750
112.593750
112.312500
111.531250
110.218750
109.343750
111.125000
110.750000
111.937500
112.218750
111.656250
111.031250
110.593750
111.343750
112.406250
111.687500
111.250000
109.468750
109.625000
110.125000
109.031250
109.531250
109.625000
107.875000
109.875000
112.000000
111.875000
112.218750
111.500000
109.406250
110.437500
107.531250
109.187500
111.468750
110.968750
110.062500
110.593750
111.906250
113.406250
113.218750
113.687500
114.093750
113.312500
114.625000
114.843750
116.000000
115.781250
116.625000
115.843750
116.468750
116.500000
117.812500
117.593750
118.406250
118.562500
118.562500
116.500000
116.500000
114.187500
114.093750
114.906250
112.968750
112.531250
114.218750
111.781250
111.312500
107.000000
108.468750
108.937500
109.125000
108.500000
106.875000
108.687500
107.375000
106.125000
108.375000
110.375000
110.093750
109.437500
108.562500
109.250000
109.500000
108.875000
103.750000
103.375000
96.000000
100.062500
99.343750
98.562500
97.750000
103.000000
100.500000
98.500000
101.687500
103.437500
104.062500
105.000000
102.000000
102.093750
102.031250
102.875000
107.000000
104.375000
104.250000
105.187500
104.937500
101.750000
98.812500
100.718750
98.687500
98.593750
97.125000
96.593750
98.531250
99.968750
99.625000
100.562500
105.968750
106.000000
106.375000
107.000000
106.625000
108.218750
106.843750
107.625000
107.000000
106.812500
109.406250
110.000000
111.875000
111.062500
112.250000
113.781250
114.125000
113.312500
113.000000
112.250000
112.125000
113.218750
114.062500
114.062500
114.750000
115.750000
116.625000
119.375000
118.625000
118.625000
119.500000
116.125000
117.625000
117.281250
115.343750
118.375000
118.937500
118.406250
118.625000
116.890625
117.125000
113.750000
116.687500
116.531250
118.390625
118.500000
120.156250
120.687500
123.218750
122.687500
122.375000
124.312500
123.312500
123.312500
123.031250
124.437500
127.437500
126.812500
127.750000
126.531250
124.250000
123.375000
121.218750
124.375000
125.187500
126.187500
122.843750
122.562500
123.812500
126.062500
124.593750
126.687500
127.656250
126.906250
126.125000
127.406250
125.500000
124.062500
124.312500
121.531250
122.312500
125.125000
123.625000
122.875000
122.750000
123.718750
124.250000
127.562500
127.500000
125.250000
124.062500
123.562500
123.906250
122.812500
123.468750
125.031250
127.546875
128.375000
128.062500
129.187500
130.625000
129.375000
131.218750
130.718750
130.156250
132.250000
129.687500
129.937500
126.187500
126.906250
129.500000
128.562500
131.156250
130.468750
128.375000
129.343750
132.406250
132.093750
133.156250
134.843750
134.875000
136.312500
135.437500
133.156250
132.656250
131.531250
129.500000
131.125000
134.875000
136.156250
135.812500
136.593750
137.250000
135.375000
134.343750
133.250000
135.687500
133.750000
134.812500
133.984375
135.000000
134.328125
135.687500
136.750000
137.343750
133.781250
134.187500
133.937500
134.906250
134.093750
133.343750
131.125000
129.000000
130.437500
128.562500
130.203125
129.750000
129.875000
130.593750
133.218750
133.562500
132.250000
132.125000
130.906250
129.812500
129.937500
130.812500
133.312500
134.562500
134.312500
134.625000
133.687500
133.031250
132.031250
131.703125
133.312500
134.562500
137.000000
138.031250
139.406250
139.375000
139.562500
139.671875
140.500000
139.875000
139.375000
140.156250
141.046875
141.812500
140.875000
137.984375
137.828125
136.015625
135.750000
134.750000
135.875000
136.312500
134.406250
132.750000
133.062500
132.437500
130.625000
131.812500
130.375000
130.093750
128.656250
130.218750
130.140625
133.156250
133.750000
134.625000
133.656250
132.562500
133.906250
136.468750
136.968750
138.375000
136.718750
135.062500
132.562500
132.062500
133.687500
132.109375
135.968750
135.468750
134.812500
134.750000
135.875000
134.953125
134.062500
131.937500
132.453125
133.750000
133.562500
130.750000
130.609375
127.875000
127.750000
128.593750
128.343750
126.812500
128.750000
128.468750
130.750000
130.625000
132.625000
131.875000
133.875000
133.656250
131.593750
128.187500
128.156250
124.875000
125.781250
127.000000
128.250000
129.000000
130.093750
129.437500
127.812500
130.125000
134.562500
137.000000
135.562500
134.593750
135.500000
136.531250
137.875000
138.000000
136.703125
137.718750
138.500000
139.750000
140.078125
141.250000
141.625000
142.625000
142.500000
142.468750
141.218750
141.968750
141.437500
140.937500
139.281250
140.406250
141.250000
143.843750
142.781250
141.625000
140.718750
141.406250
141.875000
142.125000
140.750000
141.500000
142.125000
142.687500
141.656250
143.812500
144.187500
146.484375
146.281250
146.187500
146.812500
146.640625
146.875000
145.437500
139.750000
140.000000
137.750000
145.750000
146.250000
144.500000
143.062500
145.000000
146.968750
145.812500
147.000000
144.750000
144.437500
140.343750
141.937500
140.812500
140.250000
135.875000
139.562500
140.937500
141.062500
143.187500
142.593750
142.375000
144.312500
141.281250
141.562500
138.687500
139.500000
141.078125
139.000000
138.281250
135.312500
134.968750
136.562500
133.812500
133.328125
136.125000
137.437500
138.437500
138.531250
141.125000
139.750000
137.046875
136.875000
140.875000
140.125000
138.593750
136.625000
139.812500
146.343750
146.937500
146.187500
149.187500
150.093750
152.656250
153.562500
151.937500
151.062500
151.218750
148.687500
150.375000
151.250000
150.125000
149.187500
150.484375
151.437500
150.843750
150.406250
146.281250
144.250000
136.000000
140.750000
144.468750
143.125000
143.812500
142.250000
148.156250
146.484375
146.000000
145.093750
147.062500
144.125000
140.750000
141.812500
143.531250
142.453125
141.312500
138.125000
141.281250
142.812500
145.281250
146.687500
145.156250
143.375000
141.125000
140.062500
138.000000
140.250000
137.843750
138.000000
142.500000
142.812500
145.312500
147.843750
147.125000
146.468750
147.484375
146.906250
146.593750
144.875000
147.593750
147.843750
148.156250
146.593750
148.468750
147.937500
147.875000
145.625000
144.375000
146.234375
145.156250
145.562500
144.187500
145.281250
147.281250
144.625000
145.750000
148.093750
147.843750
148.156250
149.125000
149.781250
151.250000
151.000000
149.765625
148.562500
150.625000
147.687500
146.843750
147.312500
145.875000
145.375000
142.093750
143.000000
143.875000
144.593750
145.593750
146.375000
148.125000
148.687500
147.437500
146.718750
147.406250
149.281250
149.156250
148.625000
150.187500
149.687500
150.500000
150.250000
150.843750
151.312500
151.250000
151.765625
151.796875
150.343750
152.343750
152.500000
151.281250
149.562500
150.843750
149.812500
149.593750
148.500000
148.890625
149.640625
146.000000
144.656250
145.968750
144.890625
142.687500
145.281250
144.250000
142.406250
143.156250
145.000000
143.625000
143.843750
142.500000
143.687500
144.187500
141.062500
140.000000
137.687500
136.531250
133.125000
137.562500
138.187500
134.750000
134.250000
139.312500
139.906250
140.531250
139.593750
136.312500
136.687500
139.281250
140.531250
142.953125
142.468750
142.703125
142.781250
143.781250
143.750000
140.562500
140.031250
136.625000
135.562500
139.125000
139.562500
137.375000
136.640625
134.687500
135.375000
132.140625
134.843750
136.031250
133.687500
133.437500
132.281250
132.218750
133.343750
137.718750
135.515625
133.656250
133.968750
138.625000
138.031250
136.140625
134.406250
130.968750
132.718750
130.015625
126.250000
127.125000
130.937500
132.343750
133.312500
133.718750
131.187500
128.812500
135.000000
133.546875
129.187500
130.187500
129.843750
132.125000
132.250000
132.000000
132.843750
133.453125
134.781250
134.015625
134.906250
135.968750
136.375000
136.031250
135.875000
136.600006
137.800003
137.020004
137.929993
134.800003
135.789993
135.389999
134.690002
133.119995
131.839996
133.350006
132.259995
132.059998
133.339996
130.399994
128.389999
125.620003
125.809998
124.959999
127.620003
126.440002
123.949997
124.599998
123.610001
124.739998
126.080002
126.980003
127.120003
123.360001
118.080002
120.019997
117.650002
117.680000
115.010002
117.349998
114.199997
112.260002
111.120003
114.480003
115.940002
118.309998
115.040001
115.480003
116.690002
114.199997
110.389999
110.849998
115.050003
113.300003
114.559998
116.650002
116.730003
118.849998
117.599998
119.260002
124.000000
125.650002
124.500000
122.239998
121.580002
123.169998
123.720001
125.779999
126.660004
127.050003
126.820000
125.209999
127.339996
126.239998
126.180000
125.650002
126.019997
125.150002
125.400002
125.980003
128.949997
129.149994
129.740005
131.649994
131.479996
129.250000
129.630005
128.100006
127.080002
125.300003
125.949997
126.730003
127.339996
128.800003
127.730003
128.190002
127.000000
126.099998
125.879997
124.800003
122.000000
121.849998
121.260002
121.790001
122.430000
123.820000
122.849998
121.720001
121.550003
121.480003
122.150002
122.599998
124.129997
124.099998
121.680000
119.050003
119.699997
118.260002
118.379997
121.190002
122.239998
120.709999
121.839996
121.010002
122.070000
121.339996
118.949997
117.800003
119.099998
120.349998
120.809998
120.849998
121.349998
122.110001
122.610001
121.940002
120.300003
120.769997
118.529999
118.879997
119.290001
119.320000
119.269997
118.239998
118.650002
116.750000
117.830002
115.820000
117.019997
116.599998
119.019997
118.309998
116.580002
115.540001
113.320000
114.150002
113.419998
113.699997
110.769997
108.720001
110.050003
104.300003
104.050003
101.949997
98.709999
97.279999
100.699997
101.750000
101.389999
102.269997
104.440002
104.269997
105.580002
107.349998
107.440002
107.230003
106.529999
105.959999
108.320000
110.000000
109.500000
109.300003
109.989998
107.650002
107.419998
107.349998
109.470001
108.910004
108.620003
110.570000
110.320000
107.449997
106.160004
105.800003
108.510002
109.250000
110.680000
112.400002
112.250000
112.599998
112.720001
112.029999
114.550003
114.660004
114.870003
114.360001
115.769997
114.800003
114.040001
115.680000
115.930000
115.430000
113.339996
114.870003
114.050003
113.370003
115.290001
117.400002
117.339996
116.559998
114.379997
114.150002
114.279999
112.059998
113.129997
114.300003
114.980003
115.790001
114.650002
114.949997
114.730003
115.360001
116.059998
116.000000
114.300003
115.529999
116.839996
117.620003
116.790001
116.519997
115.570000
116.080002
114.940002
114.220001
115.150002
112.820000
113.669998
113.150002
112.370003
113.230003
113.580002
113.550003
113.860001
110.279999
111.870003
113.180000
112.650002
109.849998
109.169998
108.699997
108.019997
110.089996
111.440002
111.089996
112.269997
112.059998
110.889999
108.760002
110.589996
108.300003
109.639999
111.449997
111.220001
111.650002
111.150002
113.739998
115.750000
115.379997
116.750000
116.500000
116.989998
117.239998
117.169998
116.040001
115.879997
116.650002
116.669998
117.449997
115.239998
115.290001
115.040001
113.610001
114.269997
114.570000
114.519997
114.570000
113.940002
113.139999
112.669998
112.690002
112.930000
112.139999
113.410004
110.589996
111.419998
110.570000
113.199997
112.959999
112.470001
112.879997
111.000000
110.519997
109.410004
109.470001
107.389999
106.860001
107.860001
109.180000
108.760002
107.580002
105.470001
105.099998
109.010002
107.750000
105.720001
107.870003
110.220001
109.790001
110.360001
110.900002
109.699997
108.699997
108.940002
110.099998
108.690002
108.099998
107.300003
107.000000
107.220001
104.370003
104.629997
105.610001
103.459999
103.339996
103.739998
101.959999
102.580002
101.550003
101.400002
104.120003
104.970001
102.519997
101.209999
99.279999
99.800003
97.559998
97.720001
99.430000
98.959999
97.029999
94.970001
95.510002
99.309998
98.070000
95.599998
92.120003
92.870003
91.849998
92.339996
90.559998
90.739998
87.800003
84.709999
82.199997
79.949997
84.720001
84.000000
85.599998
89.769997
90.940002
91.160004
88.779999
86.790001
83.769997
86.589996
88.099998
90.949997
91.290001
90.620003
88.970001
92.220001
93.500000
93.220001
95.400002
94.389999
95.750000
96.680000
94.599998
95.260002
94.160004
92.099998
92.139999
91.779999
88.279999
89.540001
88.779999
90.000000
90.660004
91.699997
91.129997
89.449997
89.669998
89.889999
87.830002
86.949997
84.699997
84.349998
83.660004
82.309998
84.349998
85.730003
82.750000
81.790001
85.720001
83.150002
82.309998
80.800003
79.129997
80.370003
78.099998
80.629997
84.160004
84.629997
88.699997
86.550003
88.269997
88.639999
90.169998
89.519997
90.199997
88.360001
90.199997
89.610001
88.570000
89.430000
88.519997
90.269997
91.129997
91.849998
93.040001
90.760002
89.650002
88.260002
88.959999
89.050003
90.730003
91.400002
90.480003
90.360001
92.370003
94.089996
93.419998
93.480003
91.699997
94.279999
93.980003
94.129997
92.870003
92.449997
91.430000
92.029999
89.500000
90.699997
90.779999
90.769997
89.339996
91.650002
90.849998
89.800003
89.160004
89.989998
90.019997
89.349998
89.389999
87.379997
88.110001
88.230003
91.070000
91.349998
92.959999
92.730003
91.389999
92.809998
93.059998
93.029999
93.330002
92.400002
92.019997
90.660004
89.250000
88.169998
88.709999
86.379997
85.199997
85.830002
86.480003
84.430000
86.059998
86.230003
85.379997
84.849998
84.449997
83.419998
84.010002
83.430000
82.099998
82.349998
84.150002
85.629997
85.180000
84.330002
85.180000
83.800003
84.470001
83.239998
84.339996
84.900002
84.089996
82.750000
83.449997
82.750000
83.320000
81.320000
80.519997
81.059998
83.860001
84.129997
86.779999
87.290001
87.959999
88.150002
89.669998
86.690002
87.519997
87.080002
87.150002
86.709999
84.739998
86.040001
88.120003
87.699997
88.220001
88.050003
88.190002
87.029999
87.510002
87.150002
88.949997
89.779999
88.250000
89.559998
89.650002
91.339996
92.180000
91.360001
90.230003
91.790001
92.110001
91.910004
91.900002
93.209999
93.029999
93.910004
93.389999
92.449997
93.730003
94.879997
94.709999
94.510002
95.110001
94.870003
92.650002
92.459999
92.650002
93.570000
93.760002
95.400002
95.669998
95.419998
96.949997
97.349998
97.750000
99.160004
99.650002
99.260002
98.250000
99.250000
100.300003
100.610001
99.559998
101.660004
101.660004
101.570000
100.019997
99.440002
98.419998
98.519997
97.529999
98.800003
97.660004
97.629997
98.529999
99.769997
98.739998
100.699997
101.150002
100.580002
99.300003
100.239998
100.730003
100.510002
99.919998
98.500000
99.510002
98.279999
99.169998
99.239998
98.489998
100.230003
99.860001
99.400002
99.160004
99.389999
98.510002
98.510002
96.419998
96.980003
98.000000
98.279999
98.650002
99.550003
99.040001
99.309998
99.620003
100.480003
100.860001
100.449997
100.769997
99.769997
99.930000
100.110001
100.139999
100.760002
101.440002
102.800003
103.360001
103.410004
102.830002
103.680000
103.000000
101.959999
102.260002
102.449997
102.089996
103.580002
103.379997
104.599998
103.669998
102.550003
102.940002
101.110001
100.279999
99.949997
100.930000
99.949997
102.080002
102.449997
103.389999
103.860001
104.260002
104.000000
104.279999
104.570000
104.900002
105.269997
104.989998
105.410004
104.260002
105.040001
104.860001
103.540001
103.349998
103.580002
103.629997
105.040001
105.180000
105.400002
105.300003
105.989998
105.760002
105.839996
106.400002
105.610001
105.180000
105.150002
106.330002
106.360001
105.459999
104.930000
103.839996
104.720001
103.779999
104.209999
105.589996
105.989998
106.370003
106.449997
107.599998
107.330002
107.160004
107.599998
106.849998
107.570000
106.739998
106.730003
107.930000
108.139999
107.599998
108.160004
108.500000
109.720001
108.900002
109.660004
109.730003
109.620003
109.699997
111.160004
111.180000
111.279999
111.230003
112.440002
112.550003
112.930000
113.379997
112.389999
113.220001
112.559998
113.500000
113.779999
114.230003
114.199997
115.099998
114.800003
114.430000
115.870003
114.680000
113.370003
113.480003
113.480003
113.970001
113.779999
112.849998
113.180000
114.449997
114.480003
114.849998
116.070000
115.650002
115.129997
116.169998
115.660004
115.230003
114.879997
114.589996
114.389999
114.870003
114.940002
115.019997
116.160004
115.480003
115.690002
115.989998
116.379997
114.959999
114.500000
112.580002
111.120003
112.580002
111.199997
111.790001
113.040001
113.070000
111.059998
109.650002
109.459999
109.550003
111.000000
111.029999
112.589996
112.970001
113.099998
113.779999
114.639999
115.269997
114.900002
114.629997
114.370003
114.820000
113.209999
113.389999
112.959999
113.830002
113.830002
111.919998
112.669998
114.250000
114.360001
114.199997
114.300003
112.820000
111.830002
110.959999
112.150002
112.059998
112.779999
111.809998
109.959999
108.830002
109.750000
110.449997
109.989998
110.040001
109.099998
109.650002
109.269997
109.620003
109.809998
110.269997
111.849998
112.239998
112.870003
112.860001
112.709999
113.129997
112.089996
112.980003
114.699997
114.860001
113.790001
114.349998
113.220001
114.019997
114.000000
113.830002
113.629997
113.199997
113.769997
114.750000
114.389999
113.839996
113.449997
113.919998
114.529999
112.940002
112.879997
111.889999
112.220001
111.440002
111.730003
111.779999
111.860001
111.519997
110.800003
110.709999
110.239998
111.639999
109.580002
109.879997
108.959999
108.750000
109.769997
110.099998
110.570000
110.839996
111.070000
110.209999
110.199997
108.400002
106.849998
107.000000
108.379997
108.160004
106.980003
107.190002
108.300003
108.910004
110.029999
109.709999
110.480003
110.199997
110.349998
111.099998
111.099998
111.449997
110.529999
111.110001
111.320000
112.580002
112.120003
112.860001
112.580002
112.480003
113.059998
113.430000
113.660004
112.800003
113.139999
113.150002
112.470001
112.959999
111.550003
110.949997
111.459999
110.750000
111.279999
111.839996
111.760002
113.650002
113.839996
113.900002
114.680000
113.449997
112.510002
112.970001
112.529999
111.540001
110.639999
111.260002
111.680000
110.739998
110.519997
111.239998
109.989998
109.860001
111.540001
112.879997
113.220001
113.199997
113.510002
113.550003
114.980003
116.550003
117.279999
117.110001
116.879997
116.970001
117.860001
118.790001
118.730003
117.879997
118.580002
118.739998
117.419998
117.980003
118.160004
118.440002
118.349998
117.809998
117.889999
119.230003
119.330002
119.250000
119.209999
118.099998
118.790001
119.209999
119.330002
120.370003
120.790001
120.879997
120.809998
119.440002
119.470001
120.389999
120.680000
120.769997
120.519997
121.180000
121.360001
121.129997
120.870003
120.300003
118.830002
118.010002
118.610001
118.440002
119.000000
118.180000
118.570000
117.620003
118.239998
119.470001
118.220001
117.500000
116.779999
116.550003
116.879997
117.230003
117.430000
117.430000
118.160004
118.910004
119.269997
118.959999
120.230003
120.070000
120.209999
119.309998
119.739998
120.769997
120.680000
121.129997
121.209999
120.230003
120.389999
118.599998
119.449997
120.239998
121.430000
120.629997
121.230003
121.169998
121.220001
122.730003
122.790001
122.330002
120.970001
121.239998
120.389999
121.139999
120.139999
119.120003
119.360001
118.540001
118.099998
116.900002
117.000000
117.139999
117.309998
116.529999
118.180000
117.959999
117.430000
117.629997
118.190002
118.599998
119.239998
118.000000
118.089996
118.699997
117.300003
115.769997
114.150002
114.500000
115.410004
113.800003
116.010002
115.570000
116.330002
115.199997
115.650002
114.199997
115.750000
116.400002
116.599998
117.500000
117.459999
117.089996
117.820000
116.599998
117.239998
115.949997
115.720001
116.800003
117.580002
118.790001
119.290001
119.120003
119.779999
119.500000
119.410004
120.050003
120.250000
119.480003
120.500000
120.760002
120.150002
120.040001
120.129997
119.910004
120.480003
120.199997
120.580002
120.860001
121.089996
121.400002
121.360001
121.400002
121.470001
121.570000
119.860001
118.980003
119.150002
120.150002
119.830002
119.180000
119.529999
120.489998
119.480003
119.949997
121.320000
121.940002
122.260002
122.430000
122.910004
122.839996
122.349998
123.019997
123.440002
122.720001
123.540001
123.190002
123.339996
123.790001
124.570000
123.739998
123.650002
124.389999
124.720001
123.720001
122.879997
122.650002
123.389999
123.330002
123.820000
123.059998
123.820000
122.209999
122.199997
122.190002
122.470001
122.470001
122.239998
121.150002
121.589996
120.760002
121.690002
121.050003
122.580002
122.489998
122.269997
123.699997
123.910004
123.500000
124.599998
124.349998
123.660004
123.209999
123.150002
123.500000
123.089996
122.050003
120.910004
121.339996
121.440002
121.580002
121.550003
121.669998
122.660004
123.040001
122.599998
121.220001
119.629997
119.199997
119.610001
118.599998
118.430000
117.500000
117.430000
118.669998
119.110001
117.820000
119.779999
117.669998
118.129997
119.959999
119.720001
119.370003
118.099998
119.800003
120.129997
120.489998
121.750000
122.269997
122.110001
122.230003
122.230003
122.389999
123.339996
123.760002
123.690002
123.239998
123.489998
124.639999
125.129997
125.760002
126.300003
127.029999
127.129997
126.230003
126.089996
125.410004
126.690002
126.849998
126.580002
126.820000
126.080002
126.000000
126.330002
126.449997
127.309998
127.809998
127.440002
126.360001
125.709999
125.830002
126.029999
126.690002
126.760002
125.470001
125.750000
125.190002
124.510002
126.699997
127.300003
127.379997
128.440002
128.770004
128.899994
129.309998
128.800003
128.679993
128.330002
127.820000
128.309998
125.970001
126.419998
126.550003
126.660004
127.360001
128.539993
128.440002
127.500000
128.389999
126.900002
126.269997
126.599998
125.480003
126.620003
126.410004
126.639999
126.410004
127.750000
128.199997
129.160004
128.809998
128.490005
129.270004
129.080002
129.410004
129.460007
128.229996
129.369995
129.360001
128.759995
128.169998
127.970001
128.240005
127.379997
128.589996
128.830002
130.179993
130.759995
131.029999
130.619995
130.410004
129.589996
130.380005
130.110001
130.210007
130.020004
129.220001
130.029999
129.800003
129.830002
129.729996
130.559998
131.009995
130.869995
129.539993
129.740005
128.639999
128.880005
128.710007
128.660004
130.699997
130.949997
131.130005
131.149994
130.910004
130.369995
130.399994
131.029999
131.470001
130.399994
131.380005
130.889999
131.360001
132.520004
132.360001
132.619995
132.550003
130.949997
129.240005
129.500000
129.309998
126.849998
126.209999
127.099998
126.129997
125.169998
126.169998
127.730003
128.380005
126.099998
127.510002
128.729996
129.000000
127.120003
126.809998
125.860001
125.750000
125.349998
123.989998
122.550003
123.500000
126.120003
124.650002
123.669998
124.089996
125.010002
124.459999
124.440002
124.989998
123.910004
124.750000
127.269997
127.279999
127.800003
127.070000
127.440002
126.610001
126.849998
127.410004
126.050003
124.000000
123.519997
123.339996
123.970001
125.690002
124.830002
123.949997
126.209999
126.660004
126.830002
126.709999
127.980003
127.849998
127.220001
128.080002
128.419998
128.199997
127.900002
127.410004
126.980003
127.370003
127.010002
127.110001
128.630005
129.699997
130.029999
130.690002
130.130005
130.119995
129.759995
129.649994
129.809998
130.429993
130.580002
130.660004
130.639999
131.419998
131.669998
130.509995
129.910004
130.279999
130.410004
131.690002
132.220001
132.229996
131.960007
132.139999
131.809998
132.509995
131.869995
131.470001
132.479996
133.580002
133.740005
133.690002
133.580002
133.080002
133.360001
134.919998
135.179993
135.009995
135.089996
135.270004
135.110001
136.279999
136.630005
136.839996
136.410004
136.589996
136.809998
136.839996
137.470001
137.880005
138.350006
138.779999
137.910004
137.809998
137.789993
136.860001
136.779999
136.539993
138.080002
138.610001
138.910004
138.179993
138.240005
138.580002
139.619995
140.020004
140.380005
140.419998
140.500000
140.639999
140.919998
140.350006
138.419998
139.020004
140.470001
140.529999
140.220001
141.289993
141.899994
141.779999
141.160004
141.419998
141.830002
141.720001
141.869995
143.119995
142.339996
141.949997
142.220001
142.139999
141.619995
140.750000
141.580002
142.509995
142.210007
141.619995
141.369995
141.669998
140.539993
141.190002
141.070007
141.539993
142.160004
143.240005
142.960007
143.020004
142.539993
142.820007
142.380005
142.800003
143.949997
142.259995
142.130005
142.050003
142.789993
143.750000
144.610001
144.809998
144.850006
144.889999
145.210007
145.020004
143.940002
143.449997
144.660004
145.610001
145.800003
145.729996
146.039993
145.979996
145.869995
145.300003
145.169998
139.500000
140.929993
140.509995
138.669998
137.350006
139.699997
139.559998
140.740005
140.779999
140.990005
138.250000
139.279999
139.470001
138.529999
140.199997
140.970001
143.289993
143.179993
143.389999
143.199997
142.860001
141.820007
141.970001
142.000000
142.160004
143.690002
143.850006
144.240005
144.440002
144.610001
144.020004
144.660004
145.320007
146.699997
147.089996
147.270004
147.229996
148.619995
148.059998
148.119995
149.479996
149.649994
149.529999
148.289993
148.669998
149.539993
150.350006
150.919998
150.949997
150.750000
151.160004
149.580002
150.860001
150.529999
150.570007
151.600006
151.300003
152.619995
152.539993
152.419998
152.440002
151.059998
151.690002
152.240005
153.479996
153.320007
154.080002
154.100006
153.490005
151.839996
149.100006
151.039993
151.300003
149.649994
151.889999
152.860001
153.070007
152.889999
153.270004
151.139999
151.979996
150.550003
149.830002
148.289993
150.399994
150.380005
150.429993
151.789993
152.339996
152.179993
152.979996
153.100006
150.919998
151.990005
154.389999
154.850006
154.830002
154.750000
154.470001
155.070007
153.500000
153.970001
151.300003
151.610001
148.020004
145.110001
147.380005
145.720001
146.429993
147.600006
143.800003
146.210007
147.770004
149.830002
145.389999
144.710007
145.229996
143.009995
141.039993
142.100006
144.710007
144.639999
144.929993
146.649994
146.520004
148.330002
146.949997
143.720001
146.539993
146.149994
147.589996
149.080002
147.789993
148.130005
146.070007
145.789993
147.490005
147.869995
148.910004
148.899994
148.100006
152.460007
153.360001
152.279999
151.970001
151.690002
151.389999
152.190002
153.089996
152.580002
154.300003
154.089996
153.779999
154.020004
155.850006
155.020004
156.479996
156.220001
155.470001
156.330002
155.009995
153.779999
154.250000
153.690002
149.669998
150.539993
151.759995
151.479996
151.839996
153.619995
154.130005
153.059998
154.649994
151.029999
151.199997
150.050003
152.070007
147.910004
147.160004
145.139999
143.699997
148.080002
147.669998
145.539993
145.789993
143.759995
144.639999
141.679993
144.130005
140.949997
142.570007
147.130005
147.179993
148.660004
147.679993
146.360001
148.809998
150.940002
150.910004
152.080002
147.910004
149.369995
149.059998
147.169998
145.070007
145.880005
145.880005
146.800003
148.130005
149.229996
149.550003
147.669998
147.300003
146.210007
144.929993
144.860001
141.309998
141.190002
138.910004
140.369995
141.289993
140.149994
141.279999
138.169998
136.979996
133.429993
132.059998
130.720001
133.860001
134.990005
133.039993
135.240005
135.910004
134.910004
137.369995
139.580002
137.820007
134.130005
133.050003
133.929993
133.070007
133.750000
134.990005
136.369995
135.169998
135.139999
135.520004
135.919998
134.789993
135.619995
137.330002
138.360001
138.220001
136.869995
133.820007
133.500000
132.990005
133.830002
131.059998
129.710007
128.000000
132.600006
131.360001
131.649994
129.610001
128.300003
133.630005
130.320007
132.080002
134.720001
134.850006
133.199997
132.779999
131.509995
131.970001
136.610001
136.699997
137.039993
136.889999
136.960007
136.820007
135.830002
136.020004
133.380005
132.929993
133.240005
136.850006
137.050003
138.479996
138.550003
137.940002
137.720001
138.320007
139.600006
139.630005
139.080002
138.259995
141.119995
141.509995
140.830002
142.050003
139.520004
139.160004
138.899994
140.460007
140.479996
140.770004
142.529999
142.660004
143.050003
141.889999
139.490005
139.509995
137.639999
138.660004
139.300003
140.000000
140.350006
138.899994
138.089996
138.020004
140.779999
136.289993
136.619995
135.940002
133.940002
134.449997
136.149994
136.229996
135.570007
134.250000
134.419998
131.580002
131.449997
131.190002
131.809998
128.229996
127.529999
127.980003
128.380005
126.180000
126.309998
125.019997
127.239998
124.790001
125.300003
123.839996
122.720001
120.989998
123.959999
125.199997
125.980003
126.050003
127.480003
128.169998
125.510002
125.480003
123.639999
126.279999
128.529999
126.830002
126.160004
124.989998
128.360001
128.929993
127.010002
129.369995
130.710007
129.350006
128.570007
129.539993
130.169998
128.389999
126.989998
127.580002
127.800003
129.649994
127.019997
127.389999
128.630005
130.190002
128.789993
127.989998
127.879997
124.029999
124.419998
126.989998
123.220001
123.720001
125.510002
126.089996
120.089996
122.099998
116.610001
120.070000
124.120003
121.309998
118.550003
118.930000
120.790001
120.849998
111.379997
115.989998
116.059998
111.849998
110.339996
104.720001
100.029999
97.510002
90.699997
88.500000
101.349998
99.849998
90.019997
93.769997
93.209999
98.809998
95.860001
90.639999
91.690002
87.040001
83.949997
93.760002
93.080002
96.300003
96.830002
97.110001
100.410004
96.190002
90.860001
93.860001
92.629997
89.769997
85.820000
91.169998
86.620003
85.470001
87.080002
81.500000
75.449997
79.519997
85.029999
85.660004
88.970001
90.089996
82.110001
85.269997
87.320000
85.300003
87.930000
91.000000
89.500000
90.110001
87.940002
88.989998
87.750000
91.879997
90.989998
89.290001
88.190002
87.059998
86.160004
86.660004
87.160004
86.910004
88.970001
90.239998
92.959999
92.849998
93.470001
90.669998
91.040001
89.089996
86.949997
87.110001
84.370003
84.400002
85.059998
80.570000
84.050003
82.750000
83.110001
83.680000
84.529999
87.389999
84.550003
82.830002
82.580002
83.739998
83.330002
84.570000
86.980003
87.099998
83.110001
83.599998
83.660004
82.760002
79.220001
79.029999
78.180000
77.419998
74.650002
77.480003
76.870003
75.620003
73.930000
70.599998
70.070000
71.730003
68.800003
68.919998
68.110001
72.169998
72.639999
75.500000
76.089996
75.860001
78.180000
79.930000
78.940002
76.709999
82.220001
80.599998
81.449997
83.110001
81.610001
78.790001
79.519997
81.059998
83.430000
84.260002
83.599998
81.650002
82.529999
85.809998
85.830002
84.349998
85.250000
86.500000
87.080002
83.430000
85.059998
84.540001
85.370003
86.660004
85.839996
85.570000
87.389999
87.419998
87.889999
90.879997
90.570000
92.139999
90.860001
92.980003
91.239998
90.970001
88.680000
89.440002
88.709999
91.230003
91.120003
90.510002
89.209999
89.019997
91.300003
89.669998
90.919998
92.529999
94.769997
94.849998
93.650002
94.529999
94.550003
94.160004
94.639999
94.400002
94.820000
95.080002
92.900002
91.639999
91.550003
92.220001
92.040001
89.279999
89.349998
90.120003
92.080002
91.839996
92.699997
91.949997
92.330002
89.809998
89.800003
88.059998
88.000000
88.169998
87.959999
90.099998
90.610001
93.260002
93.110001
94.129997
95.129997
95.570000
95.550003
97.660004
98.059998
98.349998
97.889999
97.650002
98.669998
98.809998
100.440002
100.699997
100.410004
99.889999
101.199997
100.989998
99.730003
100.800003
101.570000
100.790001
98.309998
99.089996
99.959999
100.989998
102.970001
102.959999
103.160004
103.169998
103.400002
103.379997
102.459999
100.199997
99.820000
100.650002
102.059998
102.940002
103.730003
104.790001
104.769997
105.279999
105.720001
107.320000
107.160004
106.720001
106.449997
107.070000
106.180000
105.010002
104.449997
106.320000
106.000000
105.589996
102.970001
102.489998
104.019997
105.510002
105.800003
106.610001
107.260002
107.680000
107.459999
109.309998
109.709999
108.889999
109.790001
109.209999
108.230003
109.330002
108.080002
106.910004
106.419998
104.410004
106.650002
103.559998
104.320000
104.650002
104.919998
106.849998
107.129997
109.570000
109.589996
110.150002
109.029999
109.620003
111.209999
111.339996
111.269997
109.820000
109.430000
110.820000
110.989998
111.379997
109.570000
109.940002
111.300003
111.250000
110.379997
111.010002
110.839996
109.610001
110.019997
110.639999
111.110001
111.870003
111.349998
111.519997
110.180000
110.209999
111.330002
111.730003
111.949997
112.480003
112.720001
112.559998
112.519997
111.440002
113.330002
113.629997
113.709999
114.190002
114.570000
114.730003
113.660004
114.620003
114.930000
113.639999
115.059998
113.889999
111.699997
109.209999
109.769997
109.309998
109.830002
108.570000
107.389999
109.059998
110.379997
109.830002
106.440002
106.660004
105.889999
107.220001
107.010002
108.129997
108.040001
109.739998
110.260002
110.910004
111.139999
111.160004
109.809998
110.820000
110.669998
110.739998
111.889999
112.199997
112.300003
112.639999
114.250000
114.269997
114.459999
114.970001
115.449997
115.459999
115.489998
116.410004
117.099998
117.040001
115.970001
116.589996
117.410004
116.839996
116.650002
116.580002
117.320000
117.400002
117.000000
117.800003
118.760002
119.040001
118.360001
118.769997
119.550003
119.739998
119.830002
121.190002
121.290001
119.360001
119.809998
120.879997
120.660004
121.019997
121.809998
121.349998
118.480003
119.379997
120.860001
118.809998
120.349998
117.519997
116.820000
112.940002
111.260002
116.160004
115.830002
117.449997
115.989998
113.889999
113.949997
112.400002
111.760002
107.540001
109.110001
107.709999
107.820000
107.169998
110.760002
109.370003
107.529999
110.330002
110.709999
106.820000
105.489998
106.620003
106.050003
109.150002
109.680000
109.510002
112.000000
111.959999
112.139999
111.730003
111.410004
109.570000
109.230003
107.419998
107.870003
107.529999
104.209999
103.220001
102.760002
102.199997
102.870003
106.110001
107.160004
107.959999
108.029999
109.660004
109.650002
109.680000
106.660004
107.290001
108.480003
107.070000
109.459999
110.410004
111.559998
111.550003
110.830002
110.290001
110.269997
112.760002
112.220001
112.970001
112.849998
112.389999
112.989998
112.379997
109.300003
108.629997
108.309998
108.260002
109.589996
109.790001
107.879997
107.529999
107.120003
105.529999
105.940002
105.230003
106.860001
105.309998
105.309998
108.459999
109.470001
110.889999
109.639999
110.410004
110.919998
111.480003
112.720001
112.650002
113.080002
113.050003
112.489998
114.209999
113.980003
113.419998
112.500000
114.820000
114.269997
114.669998
114.470001
114.129997
114.610001
113.750000
116.040001
116.029999
115.889999
116.540001
116.650002
117.010002
117.919998
117.459999
117.699997
118.279999
116.730003
117.870003
118.129997
118.349998
118.699997
118.720001
118.379997
118.400002
118.489998
118.529999
119.470001
119.949997
122.260002
122.720001
122.489998
121.610001
122.099998
121.639999
120.199997
120.029999
118.160004
118.220001
119.959999
120.290001
120.190002
118.449997
120.199997
118.800003
119.160004
118.489998
121.010002
122.559998
122.889999
122.760002
122.830002
123.279999
123.760002
124.480003
124.559998
124.669998
124.099998
124.820000
124.300003
124.599998
125.389999
125.779999
125.599998
125.650002
125.830002
125.919998
125.720001
125.750000
127.050003
126.980003
127.639999
127.389999
127.139999
126.980003
127.430000
128.580002
128.369995
129.300003
129.520004
128.250000
128.080002
128.369995
129.100006
129.169998
129.669998
129.990005
127.720001
128.679993
130.740005
130.490005
130.779999
131.149994
131.970001
132.570007
132.270004
132.320007
133.110001
133.429993
133.009995
133.850006
134.250000
134.529999
131.830002
131.020004
130.929993
132.330002
133.149994
130.929993
131.210007
133.470001
132.470001
131.429993
132.580002
132.389999
129.940002
130.839996
130.050003
128.559998
126.180000
127.849998
127.760002
129.740005
129.289993
129.660004
130.899994
131.300003
130.979996
131.860001
132.770004
132.589996
133.149994
133.259995
133.240005
133.660004
133.320007
132.860001
132.460007
131.470001
131.460007
131.559998
132.039993
130.559998
131.309998
133.100006
133.779999
133.639999
134.789993
135.669998
136.110001
136.429993
136.220001
135.729996
134.830002
133.610001
134.199997
134.720001
135.869995
134.440002
135.080002
134.039993
133.190002
133.169998
134.360001
134.679993
133.610001
132.059998
131.949997
132.389999
133.000000
133.509995
134.899994
131.869995
131.729996
130.419998
129.039993
128.960007
128.419998
129.399994
127.599998
127.699997
129.320007
127.019997
127.300003
127.050003
127.699997
129.449997
128.669998
128.300003
126.809998
127.940002
129.610001
130.720001
131.970001
133.919998
133.809998
133.970001
135.360001
134.399994
131.970001
131.399994
131.839996
130.929993
131.690002
130.610001
132.729996
132.649994
134.490005
134.580002
133.830002
133.330002
130.600006
130.220001
129.330002
128.779999
125.489998
126.169998
120.260002
120.080002
112.260002
117.480003
112.290001
117.330002
118.120003
120.620003
119.589996
119.669998
114.510002
112.639999
112.730003
116.440002
118.080002
116.279999
117.970001
121.360001
121.680000
122.220001
120.940002
117.849998
116.989998
120.290001
119.040001
115.919998
116.669998
117.739998
119.370003
121.430000
121.519997
120.309998
120.169998
116.629997
112.860001
113.540001
116.239998
117.540001
115.139999
116.050003
113.150002
109.930000
112.339996
114.419998
116.489998
115.709999
119.580002
119.699997
120.750000
120.510002
122.570000
120.230003
122.580002
121.129997
121.660004
123.970001
125.489998
123.050003
124.300003
128.630005
128.600006
125.500000
122.000000
123.989998
126.250000
125.480003
126.260002
127.879997
123.160004
124.320000
126.660004
125.459999
126.080002
124.080002
122.110001
121.980003
119.660004
119.190002
116.559998
116.339996
119.709999
120.050003
124.989998
124.970001
124.860001
126.220001
126.260002
126.730003
123.949997
126.050003
124.209999
123.050003
121.739998
122.180000
121.589996
120.290001
123.930000
124.169998
125.269997
126.389999
126.489998
124.830002
126.120003
125.500000
127.500000
127.699997
128.039993
127.709999
128.020004
129.130005
129.199997
129.509995
128.839996
129.339996
130.770004
131.460007
131.949997
131.610001
131.460007
132.559998
131.880005
131.820007
131.369995
131.320007
132.470001
132.679993
134.539993
134.449997
134.789993
135.190002
135.360001
134.360001
135.360001
135.190002
134.559998
136.050003
136.410004
136.470001
136.029999
136.630005
136.929993
137.160004
137.559998
137.020004
137.729996
137.309998
136.750000
134.750000
135.690002
137.039993
137.570007
137.580002
140.059998
139.910004
140.720001
140.300003
140.850006
140.440002
140.210007
139.199997
139.649994
141.610001
141.169998
140.470001
140.229996
140.809998
141.839996
141.259995
139.860001
139.789993
138.220001
135.899994
137.000000
138.789993
137.139999
137.050003
139.080002
138.610001
137.720001
137.949997
136.789993
137.309998
139.190002
140.160004
140.389999
139.869995
140.740005
140.320007
139.250000
137.000000
137.100006
136.550003
135.740005
136.020004
135.610001
134.110001
133.339996
132.830002
130.860001
129.740005
131.970001
132.199997
132.270004
132.529999
132.100006
133.699997
131.759995
131.470001
128.160004
128.100006
129.070007
131.970001
132.050003
133.100006
131.410004
132.919998
132.070007
133.470001
134.139999
134.399994
135.699997
135.479996
132.440002
133.460007
131.320007
131.979996
133.169998
132.789993
136.100006
136.509995
137.410004
136.789993
135.490005
135.320007
134.139999
134.160004
133.509995
135.750000
135.429993
136.360001
137.369995
137.729996
136.470001
135.089996
133.929993
133.960007
136.169998
138.679993
138.679993
137.710007
137.589996
136.639999
139.350006
139.619995
140.320007
140.490005
140.610001
140.839996
140.770004
140.789993
140.949997
141.990005
142.179993
142.190002
141.759995
141.820007
140.660004
141.509995
141.539993
141.399994
141.509995
140.490005
141.160004
141.029999
140.910004
143.770004
144.330002
143.509995
143.910004
144.389999
146.589996
147.240005
146.740005
146.619995
146.699997
146.710007
145.869995
145.649994
144.100006
143.289993
144.639999
143.970001
144.350006
144.500000
145.089996
146.130005
146.139999
145.639999
144.199997
143.279999
143.360001
142.889999
144.080002
145.539993
146.199997
145.820007
143.389999
143.410004
141.419998
141.020004
141.429993
141.350006
141.350006
142.830002
141.559998
141.850006
142.960007
139.720001
138.039993
138.160004
138.270004
137.789993
135.929993
135.699997
136.369995
139.130005
139.190002
139.449997
141.350006
141.050003
140.330002
141.460007
142.119995
142.149994
141.449997
141.250000
141.500000
141.979996
142.410004
142.470001
143.440002
143.509995
142.630005
142.100006
143.770004
145.369995
144.289993
145.119995
142.789993
142.350006
141.750000
141.559998
140.029999
142.410004
146.059998
145.729996
146.369995
145.970001
145.550003
145.919998
147.080002
147.070007
146.970001
147.070007
147.050003
148.000000
148.330002
149.130005
149.369995
149.410004
150.250000
150.070007
150.660004
150.070007
149.699997
151.240005
149.539993
151.050003
151.160004
150.960007
151.800003
151.770004
152.020004
152.149994
152.289993
152.110001
153.250000
151.339996
150.419998
151.889999
149.000000
150.020004
151.910004
151.610001
152.110001
152.919998
154.289993
154.500000
154.779999
155.440002
156.029999
155.679993
155.899994
156.729996
155.830002
154.970001
154.610001
155.690002
154.360001
155.600006
154.949997
156.190002
156.190002
156.669998
156.050003
156.820007
155.229996
155.860001
155.160004
156.210007
156.750000
158.669998
159.190002
158.800003
155.119995
157.410004
155.110001
154.139999
155.479996
156.169998
157.779999
157.880005
158.520004
158.240005
159.300003
159.679993
158.279999
159.750000
161.369995
161.779999
162.600006
163.339996
162.880005
163.410004
163.539993
165.229996
166.119995
165.339996
166.940002
166.929993
167.169998
165.929993
165.449997
165.309998
166.300003
165.220001
165.830002
163.449997
164.350006
163.559998
161.270004
162.729996
164.800003
164.800003
163.100006
161.750000
164.210007
163.179993
164.440002
165.740005
163.449997
159.399994
159.070007
157.059998
158.570007
160.139999
161.080002
160.419998
161.360001
161.210007
161.279999
163.020004
163.949997
165.130005
165.190002
167.440002
167.509995
168.149994
167.520004
167.949997
168.869995
169.169998
169.500000
169.139999
168.520004
168.929993
169.110001
168.589996
168.589996
168.710007
170.660004
170.949997
170.699997
169.729996
169.179993
169.800003
169.309998
169.110001
169.610001
168.740005
166.380005
165.830002
164.770004
165.580002
164.559998
166.059998
166.619995
166.000000
163.330002
163.910004
164.169998
163.649994
164.389999
165.750000
165.960007
166.039993
167.630005
168.869995
169.399994
168.949997
169.330002
170.309998
171.070007
173.050003
172.759995
170.720001
169.929993
169.529999
169.039993
169.690002
168.910004
168.009995
169.339996
169.179993
167.619995
168.889999
167.429993
165.479996
165.600006
169.169998
170.259995
170.940002
169.699997
172.070007
173.220001
174.389999
174.399994
175.410004
174.570007
175.149994
175.949997
176.229996
177.169998
176.289993
175.789993
176.210007
176.830002
176.270004
177.169998
174.929993
177.289993
177.320007
176.960007
178.380005
179.270004
180.050003
179.419998
179.029999
178.470001
179.910004
180.809998
180.630005
180.679993
181.119995
181.000000
180.529999
179.750000
179.729996
178.940002
180.940002
181.399994
180.750000
178.720001
178.130005
178.110001
179.220001
178.649994
181.699997
181.490005
181.559998
182.529999
182.929993
183.860001
183.850006
183.820007
184.690002
182.919998
182.889999
182.360001
183.479996
183.520004
183.639999
184.139999
181.690002
183.669998
184.660004
184.419998
183.639999
184.179993
184.300003
182.789993
178.889999
178.009995
179.070007
177.350006
179.229996
178.179993
174.169998
175.389999
175.169998
177.479996
179.679993
180.009995
181.979996
182.070007
183.009995
184.020004
184.240005
183.020004
184.100006
183.889999
184.910004
184.839996
184.850006
185.820007
186.289993
184.979996
187.580002
187.750000
188.179993
188.259995
188.160004
187.229996
187.279999
185.179993
184.660004
186.330002
187.660004
186.660004
187.750000
186.199997
185.429993
186.309998
184.970001
184.580002
185.490005
187.009995
188.250000
188.880005
188.630005
186.399994
184.339996
185.100006
187.089996
183.160004
181.509995
182.940002
184.199997
186.130005
186.389999
187.039993
187.889999
187.449997
187.830002
186.289993
186.880005
187.750000
188.309998
188.330002
188.059998
188.419998
186.779999
187.880005
187.679993
187.960007
189.789993
189.960007
189.059998
187.399994
188.050003
188.740005
187.550003
189.130005
189.589996
190.350006
191.520004
191.380005
192.369995
192.679993
192.899994
192.800003
193.190002
194.449997
195.380005
195.580002
195.600006
194.919998
193.539993
194.130005
194.289993
194.830002
196.259995
196.479996
195.940002
195.880005
194.699997
195.580002
195.440002
195.820007
195.720001
197.029999
197.229996
198.199997
197.509995
196.240005
197.119995
196.339996
196.610001
197.600006
197.229996
197.960007
195.710007
197.710007
197.339996
198.199997
198.639999
198.649994
197.720001
197.800003
196.949997
196.979996
193.089996
192.500000
193.889999
192.009995
192.070007
191.029999
193.240005
193.800003
193.529999
194.839996
195.759995
195.720001
197.360001
198.389999
198.919998
199.500000
199.190002
200.199997
200.330002
200.250000
200.139999
200.710007
200.610001
200.500000
200.210007
201.110001
200.589996
199.320007
200.070007
200.300003
199.130005
198.979996
200.479996
200.750000
201.820007
200.699997
199.149994
198.009995
199.559998
196.339996
197.899994
197.539993
197.020004
194.350006
194.380005
196.520004
196.289993
193.259995
196.639999
192.740005
190.539993
187.410004
187.699997
186.429993
186.270004
188.470001
190.300003
194.070007
192.690002
194.929993
196.429993
196.160004
198.410004
198.110001
199.380005
201.660004
201.770004
201.070007
202.339996
203.149994
203.339996
203.979996
204.179993
203.960007
204.190002
204.240005
204.369995
205.550003
205.220001
205.580002
206.679993
207.259995
207.110001
207.639999
207.199997
205.759995
207.089996
207.889999
207.660004
208.000000
206.610001
206.470001
203.160004
204.190002
200.889999
199.509995
197.910004
201.789993
206.779999
206.520004
207.470001
207.750000
207.770004
208.440002
208.720001
207.600006
205.539993
205.429993
201.720001
199.820007
202.309998
205.899994
204.250000
202.649994
202.080002
200.860001
199.020004
201.630005
202.059998
203.080002
206.100006
204.970001
205.449997
202.740005
200.139999
201.990005
199.449997
201.919998
204.839996
204.059998
206.119995
205.550003
204.630005
206.809998
206.929993
208.919998
209.779999
210.110001
210.130005
209.979996
211.240005
211.210007
211.809998
211.630005
211.380005
210.660004
211.990005
211.119995
210.229996
210.460007
207.500000
208.360001
204.979996
204.500000
207.100006
205.830002
208.580002
207.960007
210.460007
209.500000
210.410004
210.000000
208.820007
205.759995
205.270004
205.740005
208.250000
206.429993
205.699997
206.440002
207.830002
207.279999
207.979996
208.899994
210.039993
209.089996
209.490005
210.429993
210.369995
207.949997
209.850006
209.600006
210.630005
211.160004
211.649994
210.770004
211.440002
210.570007
208.460007
210.720001
211.320007
208.899994
208.039993
208.869995
211.619995
210.610001
209.979996
210.020004
212.210007
212.440002
213.100006
213.029999
212.880005
213.500000
212.990005
210.699997
212.699997
212.460007
211.139999
211.570007
211.360001
211.919998
210.130005
209.770004
208.479996
208.449997
210.949997
211.630005
210.009995
209.110001
210.250000
210.589996
212.779999
210.809998
211.889999
212.039993
210.500000
209.860001
209.820007
205.419998
205.850006
207.500000
207.309998
206.720001
208.020004
204.529999
204.899994
207.479996
209.770004
210.679993
210.610001
212.300003
212.479996
212.589996
211.750000
211.369995
210.179993
208.000000
206.789993
209.330002
210.770004
210.820007
210.500000
209.789993
209.380005
210.070007
208.350006
207.949997
210.570007
208.669998
208.919998
208.660004
209.419998
210.589996
209.979996
208.320007
203.970001
197.830002
189.500000
187.270004
194.460007
199.270004
199.279999
197.669998
191.770004
195.410004
195.550003
192.589996
197.429993
194.789993
195.850006
196.740005
196.009995
198.460007
200.179993
199.729996
195.449997
196.460007
193.910004
193.600006
192.899994
192.850006
188.009995
188.119995
191.630005
192.130005
195.000000
198.470001
197.789993
199.410004
201.210007
201.330002
201.520004
200.250000
199.289993
202.350006
203.270004
203.369995
203.110001
201.850006
205.259995
207.509995
207.000000
206.600006
208.949997
208.830002
207.929993
210.389999
211.000000
210.360001
210.149994
210.039993
208.080002
208.559998
207.740005
204.839996
202.539993
205.619995
205.470001
208.729996
208.550003
209.309998
209.070007
209.350006
209.320007
209.559998
208.690002
210.679993
208.529999
205.610001
209.619995
208.350006
206.949997
205.339996
205.869995
201.880005
202.899994
205.029999
208.029999
204.860001
200.020004
201.669998
203.500000
206.020004
205.679993
205.210007
207.399994
205.929993
203.869995
201.020004
201.360001
198.820007
194.050003
191.919998
192.110001
193.660004
188.830002
191.929993
187.809998
188.059998
185.649994
186.690002
190.520004
187.639999
190.199997
188.130005
189.110001
193.720001
193.649994
190.160004
191.300003
191.600006
187.949997
185.419998
185.429993
185.270004
182.860001
186.630005
189.779999
192.880005
192.089996
192.000000
194.779999
192.320007
193.199997
195.539993
195.089996
193.559998
198.110001
199.000000
199.779999
200.429993
200.589996
198.399994
199.380005
199.539993
202.759995
202.500000
202.169998
203.339996
204.630005
204.380005
204.669998
204.559998
203.210007
203.119995
203.240005
205.119995
206.020004
205.520004
206.919998
206.250000
204.190002
206.419998
203.949997
204.500000
204.020004
205.919998
208.000000
208.009995
207.779999
209.240005
209.899994
210.100006
208.970001
208.970001
208.610001
208.919998
209.350006
207.449997
206.330002
207.970001
206.160004
205.009995
204.970001
205.720001
205.889999
208.449997
206.500000
206.559998
204.759995
206.779999
204.850006
204.910004
204.199997
205.490005
205.210007
207.869995
209.279999
209.339996
210.240005
209.839996
210.270004
210.910004
210.279999
211.350006
211.679993
212.369995
212.080002
210.070007
208.449997
208.039993
207.750000
208.369995
206.520004
207.850006
208.440002
208.100006
210.809998
203.240005
199.600006
203.199997
206.660004
209.479996
209.919998
208.410004
209.660004
209.529999
212.649994
213.399994
214.949997
214.919998
216.119995
215.830002
216.410004
216.190002
217.089996
216.270004
217.240005
216.649994
216.750000
216.520004
216.770004
217.119995
216.940002
215.550003
216.179993
216.410004
218.179993
218.050003
218.179993
217.639999
218.649994
218.460007
219.089996
217.960007
218.369995
218.860001
218.539993
218.529999
218.970001
217.850006
217.699997
217.289993
218.360001
218.000000
217.380005
217.389999
218.369995
219.029999
219.009995
218.509995
213.279999
216.339996
213.229996
213.149994
215.279999
213.369995
213.410004
213.419998
215.820007
217.179993
215.990005
214.240005
215.570007
216.639999
214.679993
216.300003
215.779999
214.679993
215.630005
215.779999
215.039993
216.160004
213.429993
213.710007
213.009995
213.119995
212.380005
213.710007
214.279999
213.880005
213.979996
214.889999
214.169998
213.740005
213.169998
212.539993
212.550003
211.009995
209.740005
208.779999
208.550003
213.149994
214.110001
216.380005
216.919998
216.419998
216.589996
218.279999
217.869995
218.990005
218.500000
220.149994
220.580002
220.699997
221.520004
220.479996
220.910004
220.380005
219.570007
219.679993
221.000000
221.699997
224.600006
225.149994
226.509995
226.250000
227.759995
225.880005
226.809998
225.039993
225.529999
226.399994
225.770004
225.380005
225.710007
226.270004
224.399994
224.350006
223.529999
225.240005
226.580002
226.399994
227.210007
226.460007
226.460007
227.100006
226.529999
227.050003
226.250000
226.750000
225.910004
226.740005
226.149994
227.600006
229.570007
229.330002
228.970001
227.550003
227.529999
227.619995
227.770004
229.339996
228.929993
228.940002
229.240005
230.600006
231.509995
232.770004
233.699997
234.919998
234.720001
235.089996
236.490005
236.279999
236.440002
236.740005
237.110001
236.470001
239.779999
238.270004
238.419998
237.710007
237.000000
236.559998
236.860001
237.690002
237.809998
236.899994
238.949997
238.479996
237.029999
236.770004
233.729996
234.279999
234.029999
233.860001
233.619995
235.320007
235.539993
236.289993
235.740005
235.330002
235.479996
234.779999
235.440002
235.199997
235.339996
235.059998
234.029999
232.509995
234.570007
233.869995
233.440002
235.339996
234.589996
237.169998
238.550003
238.399994
238.600006
238.080002
238.679993
238.770004
238.479996
238.759995
239.699997
239.660004
239.440002
239.869995
239.380005
238.979996
240.300003
240.080002
235.820007
236.770004
238.309998
239.520004
240.050003
240.610001
241.759995
241.710007
241.500000
241.440002
243.360001
244.169998
243.990005
243.210007
243.660004
243.779999
243.410004
243.360001
244.550003
244.240005
243.770004
242.639999
244.660004
243.009995
242.949997
242.839996
243.130005
243.289993
241.330002
243.490005
241.350006
241.800003
242.210007
242.770004
240.550003
242.110001
242.369995
242.190002
244.009995
244.419998
245.559998
245.529999
245.660004
246.990005
247.100006
246.880005
246.820007
247.419998
247.429993
247.199997
246.910004
246.770004
247.320007
247.440002
246.960007
247.410004
247.869995
247.259995
247.250000
243.759995
244.119995
246.539993
246.509995
246.940002
243.089996
242.710007
242.899994
245.440002
244.559998
243.990005
244.559998
244.570007
244.850006
246.009995
247.490005
247.839996
246.059998
246.899994
246.869995
246.580002
249.210007
250.050003
250.169998
250.089996
249.190002
249.720001
249.970001
250.059998
249.389999
249.440002
248.929993
249.080002
250.050003
250.350006
251.229996
252.320007
252.860001
253.160004
254.660004
254.369995
253.949997
254.619995
255.020004
254.639999
254.949997
255.289993
255.470001
255.720001
255.789993
257.109985
256.109985
256.559998
255.289993
255.619995
257.709991
256.750000
257.149994
257.489990
257.589996
258.450012
258.850006
258.670013
259.109985
258.170013
258.089996
258.329987
257.730011
256.440002
258.619995
257.859985
258.299988
259.989990
259.760010
260.359985
260.230011
262.869995
262.709991
265.010010
264.459991
264.140015
263.190002
263.239990
264.070007
265.510010
266.309998
266.779999
266.750000
265.660004
266.510010
268.200012
267.170013
267.029999
267.579987
267.510010
267.190002
267.320007
267.869995
266.859985
268.769989
270.470001
271.609985
273.420013
273.920013
274.540009
274.119995
276.119995
277.920013
276.970001
279.609985
279.140015
280.410004
282.690002
283.290009
283.179993
283.299988
286.579987
284.679993
281.760010
281.899994
281.579987
275.450012
263.929993
269.130005
267.670013
257.630005
261.500000
265.339996
266.000000
269.589996
273.029999
273.109985
271.399994
270.049988
270.399994
274.709991
277.899994
274.429993
271.649994
267.700012
269.079987
272.190002
272.880005
272.779999
274.100006
278.869995
278.519989
276.720001
275.299988
275.000000
274.200012
270.489990
270.950012
270.429993
263.670013
258.049988
265.109985
260.600006
259.829987
263.149994
257.470001
260.769989
263.559998
265.640015
259.720001
261.000000
265.149994
263.760010
265.929993
265.149994
267.329987
270.190002
270.390015
268.890015
266.609985
266.570007
262.980011
263.630005
266.309998
266.559998
264.510010
264.980011
263.200012
262.619995
266.019989
266.920013
266.920013
269.500000
272.019989
272.850006
272.980011
271.100006
272.239990
272.010010
271.329987
273.369995
272.609985
273.359985
272.799988
272.149994
269.019989
272.609985
270.940002
273.600006
274.899994
275.100006
277.399994
277.369995
278.190002
278.559998
278.920013
278.029999
278.730011
277.130005
276.559998
275.500000
275.970001
274.239990
274.739990
271.000000
271.600006
269.350006
270.890015
271.279999
271.859985
270.899994
273.109985
275.420013
277.899994
278.899994
276.859985
279.369995
279.589996
279.339996
280.470001
281.059998
280.000000
279.679993
280.200012
281.609985
284.010010
283.339996
281.420013
279.950012
281.329987
280.859985
282.390015
283.600006
284.640015
285.579987
285.459991
285.070007
283.160004
282.100006
283.899994
281.779999
284.059998
285.059998
285.670013
286.339996
286.170013
285.790009
287.510010
289.779999
289.920013
291.480011
290.299988
290.309998
289.809998
289.029999
288.160004
287.600006
288.100006
289.049988
289.119995
290.829987
290.880005
289.339996
290.910004
291.220001
293.579987
291.989990
291.019989
290.750000
289.880005
290.690002
290.720001
291.730011
291.559998
291.720001
289.440002
287.820007
287.820007
287.399994
278.299988
272.170013
275.950012
274.399994
280.399994
280.450012
276.399994
276.250000
275.010010
273.609985
265.320007
270.079987
265.329987
263.859985
267.769989
270.630005
273.510010
271.890015
273.390015
275.119995
281.010010
280.500000
277.760010
272.570007
272.059998
270.200012
273.019989
273.730011
269.100006
264.119995
265.019989
263.250000
267.500000
268.399994
274.579987
273.980011
275.649994
279.299988
270.250000
269.839996
263.570007
264.070007
264.130005
265.459991
265.369995
260.470001
255.360001
255.080002
251.259995
247.169998
240.699997
234.339996
246.179993
248.070007
247.750000
249.919998
250.179993
244.210007
252.389999
254.380005
256.769989
257.970001
258.880005
258.980011
257.399994
260.350006
260.980011
262.959991
266.459991
262.859985
263.410004
263.549988
265.779999
263.760010
263.410004
267.579987
269.929993
270.059998
271.959991
273.100006
272.739990
270.140015
270.470001
270.619995
274.100006
274.989990
274.380005
277.369995
277.850006
278.410004
277.420013
279.140015
279.519989
279.320007
279.200012
278.679993
280.420013
279.399994
279.019989
277.329987
275.010010
274.459991
278.440002
279.489990
281.339996
281.160004
281.309998
282.329987
282.399994
281.549988
284.730011
279.250000
279.040009
281.119995
279.649994
280.709991
282.480011
285.829987
285.970001
286.420013
287.179993
288.570007
288.790009
287.309998
288.290009
288.209991
290.160004
289.970001
290.160004
289.450012
290.019989
290.269989
292.880005
292.230011
292.049988
293.410004
293.869995
294.019989
291.809998
291.179993
294.029999
292.820007
287.929993
287.529999
286.660004
288.100006
280.859985
283.399994
285.059998
287.700012
285.839996
283.950012
286.510010
285.630005
282.140015
282.779999
280.149994
278.269989
279.029999
275.269989
274.570007
280.529999
282.959991
284.799988
287.649994
288.970001
288.899994
288.390015
289.579987
289.260010
289.369995
292.399994
293.059998
295.859985
294.000000
293.640015
290.760010
290.470001
291.500000
293.000000
295.660004
296.429993
298.799988
298.459991
296.820007
297.190002
298.609985
299.309998
300.649994
300.750000
299.779999
297.739990
298.829987
297.170013
297.899994
300.029999
301.440002
300.000000
302.010010
301.459991
300.720001
297.429993
294.839996
292.619995
283.820007
287.799988
287.970001
293.619995
291.619995
288.070007
292.549988
283.899994
284.649994
288.850006
292.329987
290.089996
292.450012
292.359985
284.850006
288.000000
286.869995
288.890015
292.579987
292.450012
290.739990
294.040009
297.820007
298.049988
298.200012
298.130005
300.250000
301.290009
301.089996
300.160004
300.920013
301.100006
301.079987
298.279999
298.209991
295.869995
297.619995
297.000000
295.399994
296.769989
293.239990
288.059998
290.420013
294.350006
293.079987
288.529999
291.269989
293.239990
296.279999
295.950012
298.880005
298.399994
299.279999
297.970001
299.989990
299.010010
299.880005
300.369995
301.600006
303.299988
303.209991
304.140015
303.329987
306.140015
307.369995
307.029999
307.100006
308.179993
308.940002
308.350006
309.000000
309.100006
309.549988
311.790009
312.019989
311.929993
310.769989
310.269989
310.959991
313.369995
314.079987
315.480011
314.309998
311.640015
309.549988
311.459991
312.019989
314.869995
313.880005
313.529999
314.420013
317.130005
317.320007
319.500000
319.570007
319.589996
320.899994
320.730011
321.220001
321.230011
322.940002
322.859985
321.079987
321.859985
324.869995
322.410004
323.640015
322.730011
324.450012
326.649994
325.709991
327.950012
327.450012
328.190002
330.920013
331.950012
331.299988
331.339996
331.720001
328.769989
323.500000
326.890015
326.619995
327.679993
321.730011
324.119995
329.059998
332.859985
333.980011
332.200012
334.679993
335.260010
337.420013
337.059998
337.600006
336.730011
338.339996
336.950012
333.480011
322.420013
312.649994
311.500000
297.510010
296.260010
309.089996
300.239990
312.859985
302.459991
297.459991
274.230011
288.420013
274.359985
248.110001
269.320007
239.850006
252.800003
240.000000
240.509995
228.800003
222.949997
243.149994
246.789993
261.200012
253.419998
261.649994
257.750000
246.149994
251.830002
248.190002
264.859985
265.130005
274.029999
278.200012
275.660004
283.790009
277.760010
279.100006
286.640015
281.589996
273.040009
279.100006
279.079987
282.970001
287.049988
285.730011
293.209991
290.480011
282.790009
283.570007
286.190002
284.250000
287.679993
292.440002
292.500000
286.670013
281.600006
284.970001
286.279999
295.000000
291.970001
296.929993
294.880005
295.440002
299.079987
303.529999
302.970001
304.320007
305.549988
308.079987
312.179993
311.359985
319.339996
323.200012
320.790009
319.000000
300.609985
304.209991
307.049988
312.959991
311.660004
311.779999
308.640015
310.619995
312.049988
304.089996
307.350006
300.049988
304.459991
308.359985
310.519989
312.230011
317.049988
313.779999
316.179993
314.380005
317.589996
314.839996
318.920013
321.850006
320.790009
321.720001
324.320007
325.010010
326.859985
322.959991
320.880005
323.220001
321.170013
325.119995
323.959991
326.519989
328.790009
330.059998
332.109985
334.329987
334.570007
335.570007
332.799988
337.440002
336.829987
336.839996
337.910004
338.640015
337.230011
338.279999
339.480011
342.920013
344.119995
347.570007
348.329987
350.579987
349.309998
352.600006
357.700012
345.390015
342.570007
333.209991
339.790009
333.890015
334.059998
338.459991
340.170013
338.820007
335.839996
330.649994
326.970001
330.299988
322.640015
323.500000
328.730011
334.190002
332.369995
334.890015
337.040009
333.839996
339.760010
334.929993
340.760010
343.779999
346.850006
352.429993
350.130005
347.929993
347.500000
347.290009
342.010010
343.380005
342.730011
344.609985
345.779999
339.390015
338.220001
326.660004
329.980011
326.540009
330.200012
336.029999
343.540009
350.239990
350.160004
354.559998
354.040009
356.670013
353.209991
358.100006
362.570007
360.619995
356.279999
357.779999
355.329987
357.459991
363.220001
362.660004
363.670013
362.059998
366.019989
366.790009
366.690002
369.850006
369.089996
370.170013
366.850006
366.730011
366.299988
364.660004
369.589996
370.170013
372.239990
369.179993
367.859985
367.239990
367.570007
369.000000
372.170013
371.459991
371.989990
373.880005
368.790009
371.329987
373.549988
379.100006
381.260010
378.690002
378.769989
379.790009
378.459991
375.700012
378.649994
383.890015
384.239990
382.880005
384.390015
383.790009
374.410004
377.630005
370.070007
376.230011
381.549988
381.850006
386.190002
387.709991
390.510010
390.250000
390.079987
390.709991
392.640015
392.299988
392.390015
390.720001
390.029999
387.029999
387.500000
391.769989
382.329987
380.359985
389.579987
386.540009
381.420013
376.700012
383.630005
381.720001
387.170013
389.579987
393.529999
394.059998
396.410004
395.910004
397.260010
391.480011
389.480011
392.589996
389.500000
387.519989
389.700012
395.980011
395.779999
394.730011
396.329987
400.609985
406.359985
406.119995
406.589996
408.519989
411.489990
411.640015
412.859985
411.450012
415.869995
417.260010
415.209991
412.170013
416.070007
412.269989
416.739990
417.609985
417.519989
417.399994
420.059998
417.299988
418.200012
415.619995
415.750000
419.070007
422.119995
417.940002
414.209991
405.410004
410.279999
416.579987
415.519989
411.940002
410.859985
415.279999
414.940002
419.170013
418.239990
419.070007
419.290009
420.040009
419.670013
420.329987
418.769989
422.600006
422.190002
422.279999
421.649994
423.609985
424.309998
425.260010
424.480011
422.109985
421.970001
414.920013
420.859985
423.109985
422.600006
425.100006
426.609985
427.470001
427.700012
428.059998
430.429993
433.720001
432.929993
434.459991
430.920013
435.519989
437.079987
435.589996
436.239990
434.750000
431.339996
424.970001
431.059998
434.549988
435.459991
439.940002
441.019989
439.010010
438.829987
440.649994
438.510010
437.589996
441.149994
438.980011
441.760010
442.489990
442.130005
442.679993
443.779999
445.109985
445.920013
446.970001
444.040009
439.179993
439.859985
443.359985
447.260010
447.970001
448.910004
446.260010
450.250000
452.230011
451.559998
451.799988
453.190002
453.079987
451.459991
450.910004
448.980011
445.440002
446.579987
444.170013
447.880005
447.170013
441.399994
434.040009
433.630005
437.859985
443.179993
443.910004
442.640015
433.720001
434.450012
429.140015
434.239990
428.640015
433.100006
434.899994
438.660004
437.859985
434.690002
433.619995
435.179993
442.500000
445.869995
447.190002
450.640015
452.410004
453.589996
453.119995
455.549988
455.959991
453.940002
458.320007
459.250000
460.040009
461.899994
464.720001
466.910004
468.529999
468.929993
467.380005
463.619995
463.769989
467.269989
467.429993
469.279999
468.140015
469.730011
468.890015
467.570007
468.190002
469.440002
458.970001
464.600006
455.559998
450.500000
457.399994
453.420013
458.790009
468.279999
469.519989
466.350006
470.739990
466.570007
463.359985
470.600006
466.450012
459.869995
454.980011
463.059998
467.690002
470.600006
477.260010
476.869995
477.480011
476.160004
474.959991
477.709991
477.549988
468.380005
467.940002
466.089996
465.510010
469.750000
471.019989
464.529999
464.720001
456.489990
451.750000
446.750000
437.980011
439.839996
434.470001
433.380005
431.239990
441.950012
449.910004
452.950012
457.350006
446.600006
448.700012
447.260010
450.940002
457.540009
449.320007
440.459991
439.019989
446.100006
446.600006
437.059998
434.230011
429.570007
421.950012
428.299988
437.750000
436.630005
429.980011
437.890015
435.709991
432.170013
419.429993
416.250000
427.410004
425.480011
420.070007
417.000000
426.170013
435.619995
441.070007
444.519989
444.390015
449.589996
443.799988
450.489990
452.690002
455.910004
461.549988
458.700012
451.640015
452.920013
456.799988
451.029999
446.519989
448.769989
447.570007
439.920013
438.290009
443.309998
437.790009
437.970001
445.040009
444.709991
438.059998
426.040009
428.510010
416.100006
417.269989
427.809998
412.000000
414.480011
416.380005
429.059998
413.809998
411.339996
398.170013
399.089996
392.750000
392.339996
401.720001
400.089996
408.320007
391.859985
389.459991
389.630005
396.920013
393.890015
397.369995
405.309998
415.260010
412.929993
409.589996
417.390015
410.540009
411.790009
415.739990
411.220001
401.440002
389.799988
375.000000
373.869995
379.200012
366.649994
365.859985
375.070007
374.390015
378.059998
390.079987
388.589996
380.649994
380.339996
377.250000
381.239990
381.959991
383.250000
388.989990
388.670013
384.230011
380.829987
378.829987
377.910004
385.130005
381.950012
392.269989
394.769989
398.790009
395.089996
395.570007
390.890015
401.040009
406.070007
411.989990
410.769989
408.059998
414.450012
414.170013
413.470001
412.989990
411.350006
419.989990
419.989990
427.100006
428.859985
429.700012
426.649994
427.890015
422.140015
413.350006
412.350006
413.670013
419.510010
405.309998
402.630005
398.209991
395.179993
396.420013
392.239990
390.760010
397.779999
400.380005
406.600006
410.970001
393.100006
394.600006
390.119995
385.559998
388.549988
384.089996
377.390015
374.220001
367.950012
364.309998
363.380005
370.529999
362.790009
357.179993
366.609985
377.970001
377.089996
373.200012
362.790009
360.019989
357.739990
356.559998
365.970001
357.630005
366.820007
371.130005
368.500000
365.410004
374.290009
378.869995
384.920013
382.019989
379.980011
389.019989
386.209991
384.519989
374.869995
371.010010
376.350006
379.950012
382.000000
374.130005
394.690002
398.510010
395.119995
398.489990
395.450012
394.239990
396.029999
394.589996
399.899994
402.420013
402.329987
395.910004
395.230011
407.679993
407.380005
406.910004
399.589996
393.829987
393.160004
396.239990
393.279999
398.950012
401.970001
399.399994
389.630005
383.269989
380.019989
380.540009
386.230011
380.720001
382.910004
381.399994
376.660004
383.440002
382.429993
380.820007
383.760010
379.380005
388.079987
387.859985
390.579987
395.519989
396.959991
398.500000
397.769989
391.489990
388.640015
395.880005
400.630005
400.200012
400.350006
404.750000
405.679993
400.589996
406.480011
410.799988
416.779999
412.350006
409.829987
415.190002
410.649994
407.089996
408.040009
412.829987
412.640015
413.980011
408.279999
407.260010
399.089996
398.540009
400.660004
396.380005
397.730011
396.260010
394.739990
397.809998
404.190002
404.470001
398.269989
398.920013
391.559998
385.910004
385.359985
391.730011
389.279999
396.109985
389.989990
393.739990
398.910004
392.109985
393.170013
395.750000
396.489990
395.600006
401.350006
403.700012
409.390015
410.950012
408.670013
407.600006
409.190002
409.609985
409.720001
408.049988
413.470001
412.459991
413.940002
414.209991
414.140015
411.880005
412.200012
412.630005
406.079987